110, 15
113, 14
116, 14
119, 15
122, 16
125, 17
128, 19
131, 21
134, 23
137, 22
140, 22
143, 22
146, 22
149, 22
152, 22
155, 23
158, 25
161, 25
164, 27
167, 28
170, 30
173, 31
176, 33
179, 34
182, 35
185, 34
188, 34
191, 35
194, 36
197, 35
200, 36
203, 37
206, 38
209, 38
212, 39
215, 40
218, 41
221, 41
224, 42
227, 44
230, 45
233, 46
236, 47
239, 49
242, 50
245, 49
248, 50
251, 50
254, 50
257, 49
260, 50
263, 50
266, 51
269, 51
272, 53
275, 54
278, 56
281, 57
284, 60
287, 61
290, 60
293, 60
296, 60
299, 60
302, 61
305, 61
308, 63
109, 15
112, 14
115, 15
118, 16
121, 18
124, 19
127, 21
130, 23
133, 23
136, 22
139, 22
142, 22
145, 23
148, 22
151, 23
154, 25
157, 26
160, 27
163, 29
166, 31
169, 33
172, 33
175, 34
178, 34
181, 34
184, 33
187, 34
190, 34
193, 35
196, 35
199, 36
202, 36
205, 37
208, 37
211, 38
214, 39
217, 41
220, 41
223, 42
226, 43
229, 45
232, 45
235, 47
238, 48
241, 50
244, 51
247, 52
250, 52
253, 52
256, 51
259, 52
262, 52
265, 53
268, 52
271, 53
274, 55
277, 56
280, 57
283, 59
286, 62
289, 62
292, 62
295, 62
298, 62
301, 62
304, 62
307, 63
108, 15
111, 15
114, 16
117, 18
120, 20
123, 21
126, 23
129, 24
132, 23
135, 22
138, 22
141, 23
144, 23
147, 23
150, 25
153, 26
156, 28
159, 29
162, 31
165, 33
168, 34
171, 33
174, 33
177, 33
180, 33
183, 33
186, 34
189, 34
192, 34
195, 35
198, 36
201, 37
204, 36
207, 37
210, 38
213, 40
216, 40
219, 41
222, 42
225, 43
228, 43
231, 45
234, 46
237, 48
240, 49
243, 50
246, 52
249, 54
252, 54
255, 54
258, 54
261, 54
264, 53
267, 54
270, 54
273, 55
276, 56
279, 57
282, 59
285, 62
288, 63
291, 64
294, 63
297, 63
300, 63
303, 63
306, 64
107, 15
110, 16
113, 17
116, 19
119, 21
122, 23
125, 24
128, 23
131, 23
134, 22
137, 23
140, 23
143, 23
146, 25
149, 26
152, 28
155, 29
158, 31
161, 33
164, 33
167, 32
170, 32
173, 33
176, 33
179, 32
182, 33
185, 34
188, 34
191, 34
194, 35
197, 36
200, 37
203, 37
206, 38
209, 39
212, 40
215, 40
218, 41
221, 42
224, 43
227, 43
230, 45
233, 46
236, 48
239, 48
242, 50
245, 52
248, 54
251, 55
254, 56
257, 56
260, 56
263, 55
266, 55
269, 56
272, 56
275, 56
278, 58
281, 60
284, 62
287, 63
290, 65
293, 65
296, 65
299, 64
302, 64
305, 65
106, 16
109, 17
112, 19
115, 21
118, 23
121, 24
124, 24
127, 23
130, 23
133, 23
136, 23
139, 24
142, 25
145, 26
148, 28
151, 30
154, 32
157, 33
160, 33
163, 33
166, 32
169, 32
172, 32
175, 33
178, 33
181, 33
184, 34
187, 35
190, 35
193, 36
196, 37
199, 38
202, 38
205, 39
208, 40
211, 41
214, 41
217, 42
220, 43
223, 44
226, 44
229, 45
232, 46
235, 48
238, 48
241, 50
244, 51
247, 53
250, 54
253, 56
256, 58
259, 58
262, 57
265, 57
268, 57
271, 58
274, 57
277, 58
280, 60
283, 62
286, 63
289, 65
292, 67
295, 67
298, 66
301, 66
304, 66
105, 17
108, 19
111, 21
114, 23
117, 25
120, 24
123, 24
126, 24
129, 24
132, 23
135, 24
138, 26
141, 26
144, 28
147, 31
150, 33
153, 33
156, 33
159, 32
162, 32
165, 32
168, 32
171, 33
174, 33
177, 33
180, 34
183, 35
186, 36
189, 37
192, 38
195, 39
198, 40
201, 40
204, 41
207, 42
210, 43
213, 43
216, 44
219, 45
222, 45
225, 45
228, 46
231, 47
234, 48
237, 48
240, 50
243, 51
246, 53
249, 54
252, 56
255, 58
258, 60
261, 59
264, 59
267, 59
270, 59
273, 59
276, 59
279, 60
282, 62
285, 63
288, 65
291, 68
294, 69
297, 67
300, 67
303, 67
104, 18
107, 20
110, 22
113, 25
116, 25
119, 24
122, 24
125, 24
128, 23
131, 24
134, 26
137, 27
140, 28
143, 31
146, 33
149, 34
152, 32
155, 32
158, 32
161, 32
164, 32
167, 32
170, 33
173, 34
176, 34
179, 35
182, 37
185, 38
188, 38
191, 40
194, 41
197, 42
200, 42
203, 43
206, 44
209, 45
212, 45
215, 46
218, 47
221, 47
224, 47
227, 48
230, 48
233, 49
236, 49
239, 50
242, 51
245, 53
248, 54
251, 55
254, 58
257, 60
260, 61
263, 61
266, 61
269, 61
272, 60
275, 60
278, 61
281, 63
284, 63
287, 65
290, 68
293, 70
296, 69
299, 69
302, 69
103, 20
106, 22
109, 24
112, 26
115, 25
118, 24
121, 24
124, 25
127, 24
130, 26
133, 27
136, 29
139, 30
142, 33
145, 34
148, 33
151, 32
154, 32
157, 32
160, 33
163, 32
166, 33
169, 34
172, 36
175, 36
178, 37
181, 39
184, 40
187, 41
190, 42
193, 44
196, 45
199, 45
202, 46
205, 47
208, 48
211, 48
214, 49
217, 49
220, 50
223, 49
226, 50
229, 50
232, 51
235, 50
238, 51
241, 52
244, 53
247, 54
250, 55
253, 57
256, 59
259, 61
262, 63
265, 63
268, 63
271, 62
274, 62
277, 62
280, 63
283, 64
286, 66
289, 68
292, 70
295, 71
298, 71
301, 71
102, 21
105, 24
108, 26
111, 26
114, 25
117, 24
120, 25
123, 25
126, 25
129, 27
132, 29
135, 31
138, 33
141, 34
144, 33
147, 33
150, 32
153, 32
156, 32
159, 33
162, 33
165, 34
168, 36
171, 37
174, 38
177, 40
180, 41
183, 43
186, 44
189, 45
192, 47
195, 48
198, 48
201, 49
204, 50
207, 51
210, 51
213, 52
216, 52
219, 53
222, 52
225, 52
228, 53
231, 53
234, 52
237, 53
240, 53
243, 54
246, 54
249, 56
252, 57
255, 59
258, 60
261, 63
264, 65
267, 65
270, 64
273, 64
276, 64
279, 64
282, 64
285, 66
288, 68
291, 70
294, 72
297, 73
300, 72
101, 23
104, 26
107, 27
110, 26
113, 25
116, 25
119, 25
122, 26
125, 27
128, 29
131, 31
134, 34
137, 34
140, 33
143, 33
146, 33
149, 32
152, 32
155, 33
158, 34
161, 35
164, 36
167, 38
170, 40
173, 41
176, 42
179, 44
182, 46
185, 46
188, 47
191, 47
194, 48
197, 48
200, 49
203, 50
206, 51
209, 51
212, 52
215, 54
218, 55
221, 55
224, 55
227, 55
230, 55
233, 54
236, 55
239, 55
242, 55
245, 55
248, 56
251, 57
254, 59
257, 60
260, 62
263, 65
266, 67
269, 66
272, 66
275, 65
278, 66
281, 65
284, 66
287, 68
290, 70
293, 72
296, 74
299, 74
100, 25
103, 27
106, 27
109, 26
112, 25
115, 25
118, 26
121, 28
124, 28
127, 31
130, 33
133, 35
136, 34
139, 33
142, 33
145, 33
148, 32
151, 33
154, 34
157, 36
160, 36
163, 38
166, 40
169, 42
172, 43
175, 45
178, 46
181, 46
184, 45
187, 46
190, 46
193, 47
196, 47
199, 47
202, 49
205, 50
208, 50
211, 51
214, 53
217, 54
220, 55
223, 57
226, 58
229, 58
232, 57
235, 57
238, 57
241, 57
244, 57
247, 57
250, 58
253, 59
256, 60
259, 62
262, 65
265, 67
268, 68
271, 68
274, 67
277, 67
280, 66
283, 67
286, 69
289, 71
292, 72
295, 74
298, 76
99, 27
102, 28
105, 27
108, 27
111, 26
114, 26
117, 27
120, 29
123, 30
126, 33
129, 35
132, 35
135, 33
138, 33
141, 33
144, 33
147, 33
150, 34
153, 36
156, 38
159, 39
162, 41
165, 43
168, 45
171, 45
174, 44
177, 45
180, 45
183, 44
186, 45
189, 45
192, 46
195, 46
198, 47
201, 48
204, 49
207, 49
210, 50
213, 52
216, 53
219, 54
222, 56
225, 58
228, 60
231, 60
234, 60
237, 60
240, 59
243, 58
246, 59
249, 59
252, 60
255, 60
258, 62
261, 64
264, 67
267, 68
270, 70
273, 69
276, 69
279, 68
282, 68
285, 69
288, 71
291, 72
294, 75
297, 77
98, 28
101, 28
104, 27
107, 27
110, 26
113, 27
116, 29
119, 31
122, 32
125, 35
128, 35
131, 35
134, 33
137, 33
140, 33
143, 34
146, 34
149, 36
152, 38
155, 40
158, 41
161, 44
164, 45
167, 45
170, 43
173, 43
176, 44
179, 44
182, 43
185, 44
188, 45
191, 45
194, 45
197, 46
200, 47
203, 48
206, 48
209, 50
212, 51
215, 53
218, 53
221, 55
224, 57
227, 59
230, 60
233, 62
236, 62
239, 62
242, 61
245, 61
248, 61
251, 61
254, 61
257, 63
260, 64
263, 67
266, 68
269, 71
272, 71
275, 71
278, 69
281, 70
284, 70
287, 72
290, 72
293, 75
296, 77
97, 29
100, 28
103, 28
106, 28
109, 27
112, 29
115, 30
118, 33
121, 34
124, 36
127, 35
130, 34
133, 33
136, 33
139, 34
142, 35
145, 36
148, 38
151, 40
154, 43
157, 44
160, 44
163, 44
166, 44
169, 43
172, 43
175, 43
178, 43
181, 43
184, 44
187, 45
190, 46
193, 45
196, 46
199, 47
202, 48
205, 49
208, 50
211, 51
214, 52
217, 53
220, 54
223, 56
226, 58
229, 59
232, 61
235, 64
238, 65
241, 63
244, 63
247, 63
250, 63
253, 62
256, 63
259, 65
262, 67
265, 68
268, 71
271, 73
274, 73
277, 71
280, 71
283, 71
286, 72
289, 73
292, 75
295, 77
96, 29
99, 28
102, 28
105, 28
108, 28
111, 30
114, 32
117, 35
120, 36
123, 36
126, 35
129, 35
132, 34
135, 34
138, 35
141, 37
144, 38
147, 40
150, 43
153, 45
156, 44
159, 43
162, 43
165, 43
168, 42
171, 42
174, 43
177, 44
180, 43
183, 44
186, 45
189, 46
192, 46
195, 47
198, 48
201, 49
204, 49
207, 50
210, 51
213, 52
216, 53
219, 54
222, 56
225, 57
228, 58
231, 61
234, 63
237, 66
240, 66
243, 65
246, 65
249, 64
252, 64
255, 64
258, 65
261, 67
264, 68
267, 70
270, 73
273, 75
276, 73
279, 73
282, 73
285, 73
288, 74
291, 75
294, 78
95, 29
98, 29
101, 29
104, 29
107, 30
110, 32
113, 34
116, 37
119, 36
122, 35
125, 35
128, 35
131, 34
134, 35
137, 37
140, 39
143, 40
146, 43
149, 45
152, 45
155, 43
158, 43
161, 42
164, 43
167, 42
170, 43
173, 43
176, 44
179, 44
182, 45
185, 47
188, 48
191, 48
194, 49
197, 50
200, 51
203, 51
206, 52
209, 52
212, 53
215, 53
218, 54
221, 56
224, 57
227, 58
230, 60
233, 62
236, 65
239, 66
242, 68
245, 67
248, 67
251, 65
254, 65
257, 66
260, 67
263, 68
266, 70
269, 73
272, 76
275, 75
278, 74
281, 74
284, 74
287, 74
290, 76
293, 78
94, 29
97, 29
100, 29
103, 30
106, 31
109, 33
112, 36
115, 38
118, 36
121, 35
124, 35
127, 35
130, 35
133, 37
136, 39
139, 41
142, 43
145, 45
148, 45
151, 44
154, 42
157, 42
160, 42
163, 43
166, 42
169, 43
172, 44
175, 46
178, 46
181, 47
184, 49
187, 50
190, 50
193, 51
196, 52
199, 53
202, 53
205, 54
208, 54
211, 55
214, 55
217, 55
220, 56
223, 57
226, 58
229, 60
232, 62
235, 64
238, 65
241, 68
244, 70
247, 69
250, 67
253, 67
256, 67
259, 68
262, 69
265, 70
268, 73
271, 76
274, 77
277, 76
280, 76
283, 76
286, 75
289, 77
292, 78
93, 30
96, 30
99, 30
102, 32
105, 33
108, 35
111, 38
114, 38
117, 36
120, 36
123, 36
126, 36
129, 36
132, 38
135, 41
138, 43
141, 45
144, 45
147, 44
150, 43
153, 42
156, 42
159, 42
162, 43
165, 43
168, 45
171, 46
174, 48
177, 48
180, 50
183, 52
186, 53
189, 53
192, 54
195, 55
198, 56
201, 56
204, 56
207, 57
210, 57
213, 57
216, 57
219, 58
222, 58
225, 58
228, 60
231, 61
234, 63
237, 65
240, 68
243, 70
246, 72
249, 70
252, 69
255, 69
258, 69
261, 69
264, 71
267, 73
270, 76
273, 78
276, 78
279, 78
282, 77
285, 76
288, 77
291, 79
92, 30
95, 30
98, 31
101, 33
104, 34
107, 37
110, 39
113, 38
116, 36
119, 36
122, 36
125, 37
128, 38
131, 40
134, 43
137, 46
140, 45
143, 44
146, 43
149, 43
152, 42
155, 42
158, 43
161, 45
164, 45
167, 47
170, 49
173, 51
176, 51
179, 53
182, 55
185, 56
188, 57
191, 58
194, 59
197, 60
200, 59
203, 60
206, 60
209, 60
212, 59
215, 59
218, 60
221, 60
224, 59
227, 60
230, 62
233, 63
236, 64
239, 67
242, 70
245, 73
248, 72
251, 71
254, 71
257, 71
260, 70
263, 71
266, 73
269, 76
272, 78
275, 80
278, 79
281, 79
284, 78
287, 78
290, 80
91, 31
94, 31
97, 33
100, 35
103, 36
106, 39
109, 39
112, 38
115, 36
118, 36
121, 37
124, 39
127, 40
130, 42
133, 45
136, 47
139, 44
142, 44
145, 43
148, 43
151, 42
154, 43
157, 45
160, 46
163, 47
166, 49
169, 52
172, 54
175, 55
178, 57
181, 58
184, 59
187, 58
190, 59
193, 60
196, 62
199, 62
202, 63
205, 63
208, 63
211, 62
214, 62
217, 62
220, 62
223, 61
226, 61
229, 62
232, 64
235, 64
238, 66
241, 69
244, 72
247, 74
250, 74
253, 73
256, 72
259, 71
262, 72
265, 74
268, 76
271, 78
274, 81
277, 81
280, 81
283, 79
286, 79
289, 80
90, 31
93, 32
96, 34
99, 36
102, 38
105, 40
108, 39
111, 38
114, 37
117, 37
120, 38
123, 40
126, 42
129, 45
132, 47
135, 46
138, 44
141, 43
144, 43
147, 43
150, 43
153, 45
156, 47
159, 49
162, 50
165, 53
168, 55
171, 57
174, 56
177, 56
180, 57
183, 57
186, 57
189, 57
192, 58
195, 60
198, 60
201, 62
204, 64
207, 66
210, 66
213, 66
216, 65
219, 65
222, 63
225, 63
228, 64
231, 64
234, 65
237, 66
240, 69
243, 72
246, 74
249, 76
252, 75
255, 74
258, 73
261, 73
264, 74
267, 76
270, 78
273, 81
276, 83
279, 82
282, 81
285, 81
288, 81
89, 32
92, 33
95, 35
98, 38
101, 40
104, 40
107, 39
110, 38
113, 37
116, 38
119, 40
122, 42
125, 44
128, 47
131, 47
134, 45
137, 44
140, 43
143, 43
146, 44
149, 45
152, 47
155, 49
158, 52
161, 53
164, 56
167, 56
170, 56
173, 55
176, 55
179, 55
182, 55
185, 55
188, 56
191, 57
194, 58
197, 58
200, 60
203, 62
206, 64
209, 65
212, 68
215, 68
218, 68
221, 66
224, 66
227, 65
230, 66
233, 65
236, 67
239, 69
242, 71
245, 73
248, 76
251, 77
254, 76
257, 75
260, 74
263, 75
266, 77
269, 78
272, 81
275, 84
278, 84
281, 82
284, 82
287, 82
88, 33
91, 35
94, 37
97, 40
100, 41
103, 40
106, 39
109, 39
112, 38
115, 39
118, 41
121, 44
124, 46
127, 47
130, 46
133, 45
136, 43
139, 44
142, 44
145, 46
148, 47
151, 49
154, 52
157, 55
160, 56
163, 55
166, 55
169, 54
172, 53
175, 53
178, 53
181, 54
184, 53
187, 54
190, 55
193, 57
196, 57
199, 59
202, 60
205, 62
208, 64
211, 66
214, 69
217, 71
220, 69
223, 68
226, 68
229, 67
232, 66
235, 67
238, 69
241, 71
244, 73
247, 76
250, 79
253, 78
256, 76
259, 76
262, 76
265, 77
268, 78
271, 81
274, 84
277, 86
280, 84
283, 83
286, 84
87, 34
90, 36
93, 39
96, 42
99, 41
102, 40
105, 39
108, 39
111, 39
114, 41
117, 43
120, 46
123, 48
126, 47
129, 46
132, 45
135, 44
138, 44
141, 46
144, 48
147, 49
150, 52
153, 55
156, 57
159, 55
162, 54
165, 53
168, 53
171, 52
174, 52
177, 52
180, 53
183, 53
186, 54
189, 55
192, 56
195, 56
198, 58
201, 59
204, 61
207, 62
210, 65
213, 67
216, 70
219, 72
222, 71
225, 70
228, 69
231, 68
234, 68
237, 69
240, 71
243, 72
246, 75
249, 79
252, 81
255, 78
258, 78
261, 77
264, 78
267, 79
270, 81
273, 84
276, 87
279, 86
282, 85
285, 85
86, 36
89, 38
92, 40
95, 43
98, 41
101, 40
104, 40
107, 40
110, 40
113, 42
116, 45
119, 48
122, 48
125, 47
128, 46
131, 45
134, 44
137, 45
140, 47
143, 50
146, 52
149, 55
152, 56
155, 55
158, 53
161, 52
164, 52
167, 52
170, 51
173, 51
176, 52
179, 53
182, 53
185, 54
188, 55
191, 56
194, 56
197, 57
200, 59
203, 60
206, 61
209, 63
212, 66
215, 69
218, 71
221, 74
224, 73
227, 72
230, 70
233, 70
236, 70
239, 72
242, 72
245, 75
248, 78
251, 82
254, 81
257, 79
260, 79
263, 79
266, 79
269, 81
272, 84
275, 87
278, 88
281, 87
284, 86
85, 37
88, 39
91, 42
94, 44
97, 42
100, 41
103, 40
106, 41
109, 42
112, 44
115, 47
118, 50
121, 48
124, 46
127, 46
130, 46
133, 45
136, 47
139, 49
142, 52
145, 55
148, 57
151, 55
154, 54
157, 52
160, 51
163, 51
166, 51
169, 51
172, 52
175, 53
178, 54
181, 54
184, 55
187, 56
190, 57
193, 57
196, 58
199, 59
202, 60
205, 61
208, 62
211, 65
214, 67
217, 69
220, 73
223, 76
226, 75
229, 73
232, 72
235, 72
238, 72
241, 73
244, 75
247, 78
250, 82
253, 83
256, 81
259, 81
262, 80
265, 80
268, 82
271, 84
274, 87
277, 89
280, 88
283, 88
84, 38
87, 41
90, 44
93, 44
96, 42
99, 41
102, 41
105, 42
108, 43
111, 46
114, 49
117, 50
120, 47
123, 46
126, 46
129, 46
132, 47
135, 49
138, 52
141, 55
144, 57
147, 55
150, 54
153, 53
156, 51
159, 51
162, 51
165, 52
168, 52
171, 53
174, 55
177, 56
180, 56
183, 58
186, 59
189, 59
192, 59
195, 60
198, 60
201, 61
204, 61
207, 62
210, 64
213, 66
216, 68
219, 72
222, 75
225, 78
228, 75
231, 74
234, 73
237, 73
240, 73
243, 75
246, 78
249, 81
252, 84
255, 84
258, 82
261, 82
264, 81
267, 82
270, 85
273, 87
276, 90
279, 90
282, 89
83, 40
86, 42
89, 45
92, 44
95, 42
98, 42
101, 42
104, 44
107, 45
110, 48
113, 51
116, 50
119, 47
122, 46
125, 46
128, 47
131, 48
134, 51
137, 54
140, 58
143, 56
146, 54
149, 53
152, 52
155, 51
158, 51
161, 52
164, 53
167, 54
170, 56
173, 58
176, 59
179, 60
182, 61
185, 62
188, 63
191, 62
194, 62
197, 63
200, 63
203, 62
206, 63
209, 64
212, 66
215, 67
218, 70
221, 74
224, 78
227, 78
230, 77
233, 75
236, 75
239, 74
242, 76
245, 78
248, 81
251, 84
254, 86
257, 84
260, 83
263, 82
266, 83
269, 85
272, 88
275, 90
278, 92
281, 91
82, 41
85, 44
88, 46
91, 44
94, 43
97, 42
100, 43
103, 45
106, 47
109, 50
112, 51
115, 50
118, 47
121, 47
124, 47
127, 49
130, 50
133, 54
136, 57
139, 58
142, 55
145, 53
148, 52
151, 52
154, 51
157, 52
160, 54
163, 56
166, 57
169, 59
172, 61
175, 63
178, 64
181, 65
184, 66
187, 67
190, 66
193, 66
196, 66
199, 65
202, 64
205, 64
208, 65
211, 66
214, 67
217, 70
220, 73
223, 77
226, 80
229, 79
232, 78
235, 77
238, 75
241, 76
244, 78
247, 81
250, 83
253, 87
256, 86
259, 85
262, 84
265, 84
268, 86
271, 88
274, 90
277, 93
280, 92
81, 43
84, 46
87, 46
90, 45
93, 43
96, 43
99, 44
102, 46
105, 48
108, 52
111, 51
114, 50
117, 48
120, 47
123, 48
126, 50
129, 52
132, 56
135, 59
138, 57
141, 54
144, 52
147, 52
150, 52
153, 52
156, 54
159, 56
162, 59
165, 61
168, 63
171, 66
174, 68
177, 69
180, 70
183, 71
186, 72
189, 71
192, 70
195, 70
198, 69
201, 67
204, 67
207, 67
210, 67
213, 67
216, 69
219, 72
222, 76
225, 79
228, 82
231, 80
234, 79
237, 77
240, 77
243, 79
246, 81
249, 83
252, 87
255, 88
258, 87
261, 85
264, 85
267, 86
270, 89
273, 90
276, 94
279, 94
80, 44
83, 47
86, 46
89, 45
92, 44
95, 44
98, 46
101, 48
104, 50
107, 53
110, 51
113, 50
116, 48
119, 48
122, 50
125, 52
128, 55
131, 59
134, 58
137, 56
140, 53
143, 52
146, 52
149, 53
152, 54
155, 56
158, 59
161, 63
164, 65
167, 68
170, 68
173, 68
176, 67
179, 67
182, 68
185, 70
188, 71
191, 74
194, 74
197, 73
200, 71
203, 70
206, 69
209, 69
212, 68
215, 69
218, 72
221, 75
224, 78
227, 82
230, 83
233, 81
236, 79
239, 78
242, 79
245, 81
248, 83
251, 87
254, 90
257, 88
260, 86
263, 86
266, 87
269, 89
272, 91
275, 94
278, 96
79, 46
82, 48
85, 47
88, 46
91, 44
94, 45
97, 47
100, 50
103, 52
106, 53
109, 51
112, 50
115, 49
118, 49
121, 51
124, 54
127, 57
130, 59
133, 57
136, 55
139, 53
142, 52
145, 53
148, 55
151, 56
154, 60
157, 63
160, 67
163, 67
166, 66
169, 65
172, 64
175, 63
178, 64
181, 65
184, 67
187, 68
190, 70
193, 73
196, 77
199, 75
202, 73
205, 72
208, 71
211, 69
214, 70
217, 72
220, 74
223, 77
226, 81
229, 85
232, 83
235, 81
238, 80
241, 80
244, 82
247, 84
250, 87
253, 91
256, 90
259, 88
262, 88
265, 88
268, 90
271, 91
274, 94
277, 97
78, 47
81, 48
84, 47
87, 46
90, 45
93, 46
96, 48
99, 51
102, 55
105, 53
108, 51
111, 50
114, 49
117, 51
120, 53
123, 57
126, 60
129, 59
132, 56
135, 54
138, 53
141, 53
144, 54
147, 57
150, 60
153, 64
156, 68
159, 67
162, 64
165, 62
168, 61
171, 61
174, 60
177, 61
180, 62
183, 63
186, 64
189, 67
192, 70
195, 74
198, 77
201, 78
204, 76
207, 74
210, 71
213, 71
216, 72
219, 74
222, 76
225, 80
228, 85
231, 86
234, 83
237, 81
240, 81
243, 83
246, 84
249, 87
252, 91
255, 92
258, 90
261, 89
264, 89
267, 90
270, 92
273, 95
276, 98
77, 49
80, 49
83, 48
86, 47
89, 46
92, 47
95, 50
98, 53
101, 56
104, 53
107, 51
110, 51
113, 50
116, 52
119, 55
122, 59
125, 60
128, 58
131, 56
134, 54
137, 53
140, 54
143, 57
146, 60
149, 63
152, 68
155, 66
158, 64
161, 61
164, 59
167, 59
170, 58
173, 58
176, 58
179, 59
182, 61
185, 62
188, 64
191, 67
194, 71
197, 74
200, 79
203, 80
206, 77
209, 74
212, 73
215, 73
218, 74
221, 76
224, 80
227, 84
230, 88
233, 85
236, 83
239, 83
242, 83
245, 84
248, 87
251, 91
254, 94
257, 91
260, 90
263, 90
266, 91
269, 92
272, 95
275, 99
76, 50
79, 49
82, 48
85, 48
88, 47
91, 49
94, 51
97, 55
100, 56
103, 53
106, 52
109, 52
112, 51
115, 54
118, 57
121, 61
124, 60
127, 57
130, 55
133, 54
136, 54
139, 56
142, 59
145, 63
148, 67
151, 67
154, 64
157, 61
160, 58
163, 57
166, 56
169, 57
172, 56
175, 57
178, 58
181, 59
184, 60
187, 62
190, 65
193, 68
196, 71
199, 76
202, 81
205, 81
208, 77
211, 75
214, 74
217, 75
220, 76
223, 79
226, 83
229, 88
232, 87
235, 85
238, 84
241, 84
244, 85
247, 88
250, 91
253, 95
256, 93
259, 92
262, 91
265, 92
268, 93
271, 96
274, 99
75, 51
78, 50
81, 49
84, 48
87, 48
90, 50
93, 53
96, 57
99, 56
102, 53
105, 52
108, 52
111, 53
114, 55
117, 59
120, 63
123, 60
126, 57
129, 55
132, 55
135, 55
138, 58
141, 62
144, 67
147, 68
150, 64
153, 61
156, 59
159, 56
162, 55
165, 56
168, 56
171, 56
174, 57
177, 58
180, 59
183, 59
186, 61
189, 63
192, 66
195, 69
198, 73
201, 79
204, 84
207, 81
210, 78
213, 76
216, 76
219, 76
222, 79
225, 83
228, 88
231, 90
234, 87
237, 86
240, 85
243, 86
246, 88
249, 91
252, 95
255, 95
258, 93
261, 93
264, 93
267, 94
270, 96
273, 100
74, 52
77, 50
80, 49
83, 49
86, 49
89, 51
92, 55
95, 58
98, 56
101, 54
104, 53
107, 53
110, 54
113, 57
116, 61
119, 63
122, 60
125, 57
128, 56
131, 56
134, 58
137, 60
140, 65
143, 70
146, 65
149, 62
152, 59
155, 57
158, 55
161, 55
164, 56
167, 57
170, 58
173, 59
176, 60
179, 60
182, 60
185, 61
188, 62
191, 65
194, 67
197, 71
200, 76
203, 82
206, 84
209, 81
212, 78
215, 77
218, 77
221, 79
224, 83
227, 87
230, 91
233, 89
236, 87
239, 87
242, 86
244, 88
247, 92
250, 96
253, 96
257, 95
260, 94
263, 94
266, 95
269, 97
272, 100
73, 52
76, 51
79, 50
82, 50
85, 51
88, 53
91, 56
94, 59
97, 57
100, 54
103, 54
106, 54
109, 57
112, 59
115, 63
118, 63
121, 60
124, 57
127, 56
130, 57
133, 60
136, 63
139, 69
142, 68
145, 64
148, 60
151, 57
154, 56
157, 56
160, 56
163, 58
166, 60
169, 61
172, 63
175, 63
178, 64
181, 63
184, 63
187, 63
190, 64
193, 66
196, 69
199, 74
202, 80
205, 85
208, 84
211, 81
214, 79
217, 78
220, 80
223, 83
226, 87
229, 91
232, 91
235, 89
238, 88
241, 87
243, 89
246, 92
249, 96
252, 98
255, 96
259, 95
262, 95
265, 95
268, 98
271, 101
72, 53
75, 52
78, 51
81, 51
84, 53
87, 54
90, 58
93, 59
96, 57
99, 55
102, 54
105, 55
108, 58
111, 61
114, 65
117, 62
120, 60
123, 57
126, 57
129, 59
132, 62
135, 66
138, 71
141, 67
144, 62
147, 58
150, 56
153, 56
156, 57
159, 59
162, 62
165, 65
168, 67
171, 68
174, 69
177, 69
180, 67
183, 66
186, 65
189, 65
192, 65
195, 68
198, 72
201, 78
204, 83
207, 87
210, 84
213, 81
216, 79
219, 80
222, 83
225, 87
228, 91
231, 93
234, 91
237, 89
240, 88
242, 90
245, 92
248, 96
251, 99
254, 98
258, 97
261, 96
264, 96
267, 98
270, 101
71, 53
74, 52
77, 52
80, 52
83, 54
86, 56
89, 59
92, 60
95, 58
98, 55
101, 55
104, 57
107, 60
110, 63
113, 65
116, 62
119, 60
122, 58
125, 58
128, 60
131, 64
134, 69
137, 69
140, 65
143, 61
146, 57
149, 56
152, 57
155, 59
158, 63
161, 67
164, 71
167, 74
170, 76
173, 77
176, 76
179, 73
182, 71
185, 68
188, 67
191, 66
194, 68
197, 71
200, 76
203, 82
206, 88
209, 86
212, 83
215, 81
218, 81
221, 83
224, 87
227, 91
230, 95
233, 93
236, 91
239, 89
241, 91
244, 93
247, 97
250, 100
253, 99
257, 98
260, 97
263, 97
266, 99
269, 102
70, 54
73, 53
76, 52
79, 53
82, 55
85, 57
88, 61
91, 60
94, 58
97, 56
100, 56
103, 58
106, 61
109, 65
112, 65
115, 62
118, 60
121, 58
124, 59
127, 62
130, 67
133, 72
136, 68
139, 63
142, 60
145, 57
148, 57
151, 59
154, 63
157, 68
160, 74
163, 79
166, 79
169, 77
172, 79
175, 82
178, 82
181, 77
184, 73
187, 70
190, 69
193, 68
196, 71
199, 75
202, 80
205, 87
208, 89
211, 86
214, 82
217, 82
220, 84
223, 87
226, 91
229, 96
232, 94
235, 92
238, 91
240, 91
243, 94
246, 97
249, 100
252, 101
255, 99
259, 99
262, 98
265, 100
268, 103
69, 55
72, 54
75, 53
78, 54
81, 56
84, 58
87, 62
90, 61
93, 59
96, 57
99, 57
102, 59
105, 63
108, 66
111, 65
114, 62
117, 60
120, 59
123, 61
126, 64
129, 70
132, 72
135, 67
138, 62
141, 59
144, 57
147, 58
150, 62
153, 68
156, 74
159, 79
162, 74
165, 71
168, 68
171, 70
174, 74
177, 80
180, 85
183, 79
186, 74
189, 71
192, 69
195, 71
198, 74
201, 79
204, 86
207, 92
210, 88
213, 84
216, 83
219, 84
222, 87
225, 91
228, 96
231, 96
234, 94
237, 92
239, 92
242, 94
245, 98
248, 101
251, 102
254, 101
258, 100
261, 99
264, 101
267, 103
68, 56
71, 54
74, 54
77, 55
80, 57
83, 60
86, 63
89, 61
92, 59
95, 58
98, 58
101, 61
104, 64
107, 68
110, 66
113, 63
116, 61
119, 60
122, 62
125, 66
128, 72
131, 71
134, 66
137, 62
140, 59
143, 58
146, 61
149, 66
152, 74
155, 79
158, 72
161, 65
164, 61
167, 58
170, 60
173, 64
176, 72
179, 79
182, 86
185, 79
188, 74
191, 71
194, 71
197, 74
200, 78
203, 85
206, 92
209, 90
212, 86
215, 84
218, 85
221, 88
224, 91
227, 96
230, 98
233, 95
236, 93
238, 93
241, 95
244, 98
247, 101
250, 104
253, 102
257, 101
260, 100
263, 102
266, 104
67, 56
70, 55
73, 55
76, 56
79, 59
82, 61
85, 64
88, 62
91, 60
94, 59
97, 59
100, 62
103, 66
106, 69
109, 66
112, 63
115, 62
118, 61
121, 64
124, 68
127, 74
130, 70
133, 65
136, 61
139, 59
142, 59
145, 63
148, 71
151, 80
154, 73
157, 64
160, 56
163, 51
166, 48
169, 49
172, 55
175, 63
178, 72
181, 83
184, 85
187, 77
190, 73
193, 72
196, 74
199, 78
202, 84
205, 91
208, 93
211, 88
214, 86
217, 86
220, 88
223, 91
226, 96
229, 99
232, 97
235, 94
237, 94
240, 96
243, 99
246, 102
249, 105
252, 103
256, 102
259, 101
262, 102
265, 105
66, 57
69, 56
72, 56
75, 57
78, 60
81, 62
84, 65
87, 62
90, 61
93, 59
96, 61
99, 63
102, 67
105, 70
108, 66
111, 64
114, 62
117, 62
120, 65
123, 70
126, 76
129, 70
132, 65
135, 61
138, 60
141, 61
144, 67
147, 75
150, 78
153, 67
156, 56
159, 47
162, 41
165, 37
168, 39
171, 45
174, 54
177, 65
180, 78
183, 90
186, 82
189, 76
192, 73
195, 74
198, 77
201, 84
204, 91
207, 95
210, 90
213, 87
216, 87
219, 89
222, 92
225, 97
228, 101
231, 98
234, 96
236, 95
239, 97
242, 100
245, 102
248, 106
251, 104
255, 103
258, 102
261, 103
264, 106
65, 58
68, 57
71, 57
74, 58
77, 61
80, 64
83, 65
86, 63
89, 62
92, 60
95, 62
98, 65
101, 69
104, 70
107, 67
110, 64
113, 63
116, 63
119, 67
122, 72
125, 76
128, 70
131, 65
134, 61
137, 61
140, 63
143, 70
146, 80
149, 74
152, 60
155, 48
158, 38
161, 31
164, 27
167, 29
170, 35
173, 44
176, 58
179, 72
182, 86
185, 86
188, 79
191, 75
194, 75
197, 77
200, 83
203, 91
206, 97
209, 91
212, 89
215, 88
218, 90
221, 92
224, 97
227, 102
230, 100
233, 97
235, 96
238, 98
241, 100
244, 103
247, 107
250, 106
254, 104
257, 103
260, 104
263, 107
64, 59
67, 58
70, 58
73, 60
76, 62
79, 65
82, 66
85, 64
88, 62
91, 61
94, 63
97, 66
100, 70
103, 71
106, 67
109, 65
112, 64
115, 64
118, 68
121, 74
124, 76
127, 69
130, 65
133, 62
136, 62
139, 65
142, 73
145, 82
148, 69
151, 55
154, 41
157, 30
160, 21
163, 18
166, 20
169, 27
172, 37
175, 51
178, 67
181, 82
184, 90
187, 81
190, 77
193, 76
196, 78
199, 83
202, 91
205, 98
208, 93
211, 90
214, 89
217, 90
220, 93
223, 98
226, 103
229, 101
232, 98
234, 97
237, 99
240, 101
243, 104
246, 108
249, 107
253, 106
256, 104
259, 105
262, 108
63, 60
66, 59
69, 59
72, 61
75, 63
78, 66
81, 67
84, 65
87, 63
90, 62
93, 64
96, 67
99, 71
102, 71
105, 68
108, 66
111, 65
114, 66
117, 69
120, 75
123, 76
126, 70
129, 65
132, 63
135, 63
138, 67
141, 76
144, 80
147, 65
150, 50
153, 36
156, 24
159, 14
162, 10
165, 12
168, 20
171, 31
174, 46
177, 63
180, 79
183, 93
186, 84
189, 78
192, 77
195, 78
198, 84
201, 91
204, 99
207, 95
210, 91
213, 90
216, 91
219, 94
222, 98
225, 104
228, 102
231, 99
233, 98
236, 99
239, 102
242, 105
245, 109
248, 108
252, 107
255, 105
258, 106
261, 108
62, 61
65, 60
68, 60
71, 62
74, 64
77, 67
80, 68
83, 66
86, 64
89, 63
92, 65
95, 68
98, 73
101, 72
104, 69
107, 67
110, 66
113, 67
116, 71
119, 77
122, 77
125, 70
128, 66
131, 63
134, 65
137, 69
140, 79
143, 78
146, 63
149, 47
152, 32
155, 19
158, 9
161, 5
164, 7
167, 15
170, 26
173, 42
176, 60
179, 77
182, 92
185, 86
188, 80
191, 78
194, 79
197, 84
200, 91
203, 99
206, 96
209, 92
212, 91
215, 92
218, 94
221, 99
224, 104
227, 103
230, 100
232, 100
235, 100
238, 103
241, 106
244, 110
247, 109
251, 108
254, 106
257, 107
260, 109
61, 62
64, 61
67, 61
70, 63
73, 65
76, 68
79, 69
82, 67
85, 65
88, 64
91, 66
94, 69
97, 74
100, 73
103, 70
106, 67
109, 67
112, 68
115, 72
118, 78
121, 77
124, 71
127, 66
130, 64
133, 66
136, 71
139, 81
142, 78
145, 62
148, 46
151, 30
154, 16
157, 6
160, 2
163, 4
166, 12
169, 24
172, 40
175, 58
178, 76
181, 92
184, 88
187, 81
190, 79
193, 80
196, 85
199, 92
202, 100
205, 97
208, 94
211, 92
214, 93
217, 95
220, 100
223, 105
226, 105
229, 101
231, 101
234, 101
237, 104
240, 107
243, 111
246, 110
250, 109
253, 107
256, 108
259, 110
60, 63
63, 62
66, 62
69, 64
72, 66
75, 69
78, 70
81, 68
84, 66
87, 65
90, 67
93, 70
96, 75
99, 74
102, 71
105, 68
108, 68
111, 69
114, 73
117, 79
120, 78
123, 72
126, 67
129, 65
132, 66
135, 72
138, 82
141, 78
144, 62
147, 46
150, 30
153, 16
156, 6
159, 2
162, 4
165, 12
168, 24
171, 40
174, 59
177, 77
180, 92
183, 90
186, 83
189, 80
192, 81
195, 86
198, 93
201, 101
204, 98
207, 95
210, 93
213, 94
216, 96
219, 101
222, 106
225, 106
228, 102
230, 102
233, 102
236, 105
239, 107
242, 112
245, 111
249, 110
252, 108
255, 109
258, 111
59, 64
62, 63
65, 63
68, 65
71, 67
74, 70
77, 71
80, 69
83, 67
86, 66
89, 68
92, 71
95, 76
98, 75
101, 72
104, 69
107, 69
110, 70
113, 74
116, 80
119, 79
122, 73
125, 68
128, 66
131, 68
134, 73
137, 83
140, 80
143, 64
146, 48
149, 32
152, 18
155, 8
158, 4
161, 6
164, 14
167, 26
170, 42
173, 60
176, 78
179, 94
182, 90
185, 83
188, 81
191, 82
194, 87
197, 94
200, 102
203, 99
206, 96
209, 94
212, 95
215, 97
218, 102
221, 107
224, 107
227, 103
229, 103
232, 103
235, 106
238, 109
241, 113
244, 112
248, 111
251, 109
254, 110
257, 112
58, 65
61, 64
64, 64
67, 66
70, 68
73, 71
76, 72
79, 70
82, 68
85, 67
88, 69
91, 72
94, 77
97, 76
100, 73
103, 71
106, 70
109, 71
112, 75
115, 81
118, 81
121, 74
124, 70
127, 67
130, 69
133, 73
136, 83
139, 82
142, 67
145, 51
148, 36
151, 23
154, 13
157, 9
160, 11
163, 19
166, 30
169, 46
172, 64
175, 81
178, 96
181, 90
184, 84
187, 82
190, 83
193, 88
196, 95
199, 103
202, 100
205, 96
208, 95
211, 96
214, 98
217, 103
220, 108
223, 107
226, 104
228, 104
231, 104
234, 107
237, 110
240, 114
243, 113
247, 112
250, 110
253, 111
256, 113
57, 66
60, 65
63, 65
66, 67
69, 69
72, 72
75, 73
78, 71
81, 69
84, 68
87, 70
90, 73
93, 77
96, 77
99, 74
102, 72
105, 71
108, 72
111, 75
114, 81
117, 82
120, 76
123, 71
126, 69
129, 69
132, 73
135, 82
138, 86
141, 71
144, 56
147, 42
150, 30
153, 20
156, 16
159, 18
162, 26
165, 37
168, 52
171, 69
174, 85
177, 99
180, 90
183, 84
186, 83
189, 84
192, 90
195, 97
198, 105
201, 101
204, 97
207, 96
210, 97
213, 100
216, 104
219, 110
222, 108
225, 105
227, 104
230, 105
233, 108
236, 111
239, 115
242, 114
246, 113
249, 111
252, 112
255, 114
56, 67
59, 66
62, 66
65, 68
68, 70
71, 73
74, 74
77, 72
80, 70
83, 69
86, 71
89, 74
92, 78
95, 79
98, 75
101, 73
104, 72
107, 72
110, 76
113, 82
116, 84
119, 77
122, 73
125, 70
128, 70
131, 73
134, 81
137, 90
140, 77
143, 63
146, 49
149, 38
152, 29
155, 26
158, 28
161, 35
164, 46
167, 59
170, 75
173, 90
176, 99
179, 89
182, 85
185, 84
188, 86
191, 91
194, 99
197, 106
200, 101
203, 98
206, 97
209, 98
212, 101
215, 106
218, 111
221, 109
224, 106
226, 105
229, 107
232, 109
235, 112
238, 116
241, 115
245, 114
248, 112
251, 113
254, 116
55, 68
58, 67
61, 67
64, 68
67, 71
70, 74
73, 75
76, 73
79, 72
82, 70
85, 72
88, 75
91, 79
94, 80
97, 77
100, 74
103, 73
106, 73
109, 77
112, 82
115, 86
118, 80
121, 75
124, 71
127, 71
130, 73
133, 80
136, 90
139, 83
142, 70
145, 58
148, 48
151, 40
154, 37
157, 39
160, 45
163, 55
166, 68
169, 82
172, 96
175, 97
178, 89
181, 85
184, 85
187, 87
190, 93
193, 101
196, 107
199, 101
202, 99
205, 98
208, 100
211, 102
214, 107
217, 112
220, 110
223, 107
225, 106
228, 108
231, 110
234, 113
237, 117
240, 116
244, 114
247, 113
250, 114
253, 117
54, 69
57, 68
60, 68
63, 69
66, 72
69, 74
72, 77
75, 74
78, 73
81, 71
84, 73
87, 75
90, 79
93, 82
96, 78
99, 76
102, 74
105, 74
108, 77
111, 82
114, 88
117, 82
120, 77
123, 73
126, 71
129, 73
132, 79
135, 87
138, 89
141, 79
144, 68
147, 59
150, 52
153, 49
156, 51
159, 57
162, 65
165, 77
168, 90
171, 102
174, 94
177, 88
180, 85
183, 86
186, 89
189, 96
192, 103
195, 107
198, 102
201, 99
204, 99
207, 101
210, 104
213, 109
216, 113
219, 110
222, 108
224, 107
227, 109
230, 112
233, 114
236, 118
239, 116
243, 115
246, 114
249, 115
252, 118
53, 70
56, 69
59, 69
62, 70
65, 73
68, 75
71, 78
74, 76
77, 74
80, 73
83, 73
86, 76
89, 80
92, 83
95, 80
98, 77
101, 76
104, 75
107, 78
110, 82
113, 88
116, 84
119, 79
122, 75
125, 72
128, 73
131, 77
134, 85
137, 93
140, 87
143, 78
146, 70
149, 64
152, 62
155, 63
158, 69
161, 76
164, 86
167, 97
170, 99
173, 91
176, 87
179, 86
182, 88
185, 92
188, 98
191, 105
194, 107
197, 102
200, 100
203, 100
206, 102
209, 105
212, 110
215, 113
218, 111
221, 108
223, 108
226, 110
229, 113
232, 116
235, 119
238, 117
242, 116
245, 115
248, 116
251, 119
52, 72
55, 70
58, 70
61, 71
64, 73
67, 76
70, 79
73, 77
76, 75
79, 74
82, 74
85, 77
88, 80
91, 84
94, 82
97, 79
100, 77
103, 76
106, 78
109, 82
112, 88
115, 87
118, 82
121, 78
124, 74
127, 74
130, 77
133, 82
136, 89
139, 95
142, 88
145, 81
148, 76
151, 74
154, 76
157, 80
160, 87
163, 95
166, 102
169, 95
172, 89
175, 87
178, 87
181, 90
184, 94
187, 101
190, 108
193, 106
196, 102
199, 100
202, 101
205, 104
208, 107
211, 112
214, 114
217, 111
220, 109
222, 109
225, 111
228, 114
231, 117
234, 120
237, 118
241, 117
244, 116
247, 118
250, 120
51, 73
54, 72
57, 71
60, 72
63, 74
66, 76
69, 80
72, 79
75, 77
78, 75
81, 75
84, 77
87, 81
90, 84
93, 83
96, 80
99, 78
102, 77
105, 79
108, 82
111, 88
114, 90
117, 85
120, 80
123, 76
126, 75
129, 76
132, 80
135, 85
138, 92
141, 97
144, 92
147, 88
150, 86
153, 88
156, 92
159, 97
162, 103
165, 97
168, 92
171, 88
174, 87
177, 89
180, 92
183, 97
186, 104
189, 110
192, 106
195, 102
198, 101
201, 102
204, 105
207, 109
210, 114
213, 114
216, 112
219, 110
221, 110
224, 112
227, 116
230, 119
233, 120
236, 119
240, 118
243, 117
246, 119
249, 121
50, 74
53, 73
56, 72
59, 73
62, 75
65, 77
68, 81
71, 80
74, 78
77, 76
80, 76
83, 78
86, 81
89, 85
92, 85
95, 82
98, 80
101, 78
104, 79
107, 82
110, 87
113, 92
116, 88
119, 83
122, 79
125, 77
128, 77
131, 79
134, 82
137, 88
140, 94
143, 99
146, 98
149, 97
152, 99
155, 102
158, 101
161, 97
164, 93
167, 90
170, 88
173, 88
176, 91
179, 95
182, 100
185, 107
188, 109
191, 106
194, 102
197, 102
200, 104
203, 107
206, 111
209, 116
212, 114
215, 112
218, 111
220, 111
223, 114
226, 117
229, 120
232, 121
235, 119
239, 119
242, 118
245, 120
248, 123
49, 75
52, 74
55, 74
58, 74
61, 76
64, 78
67, 81
70, 82
73, 80
76, 77
79, 77
82, 79
85, 82
88, 85
91, 87
94, 84
97, 82
100, 80
103, 80
106, 82
109, 86
112, 91
115, 91
118, 87
121, 82
124, 79
127, 78
130, 79
133, 81
136, 85
139, 89
142, 93
145, 96
148, 98
151, 99
154, 98
157, 95
160, 93
163, 90
166, 89
169, 88
172, 90
175, 93
178, 98
181, 104
184, 110
187, 108
190, 105
193, 103
196, 103
199, 105
202, 109
205, 113
208, 117
211, 115
214, 113
217, 111
219, 113
222, 115
225, 119
228, 122
231, 121
234, 120
238, 119
241, 119
244, 121
247, 124
48, 77
51, 76
54, 75
57, 75
60, 77
63, 78
66, 82
69, 83
72, 81
75, 79
78, 78
81, 79
84, 82
87, 85
90, 89
93, 86
96, 84
99, 81
102, 81
105, 83
108, 86
111, 90
114, 95
117, 91
120, 86
123, 82
126, 80
129, 80
132, 81
135, 83
138, 86
141, 89
144, 92
147, 92
150, 93
153, 93
156, 92
159, 90
162, 89
165, 89
168, 90
171, 92
174, 96
177, 102
180, 108
183, 111
186, 108
189, 105
192, 103
195, 104
198, 107
201, 111
204, 115
207, 117
210, 115
213, 113
216, 112
218, 114
221, 116
224, 120
227, 123
230, 122
233, 121
237, 120
240, 121
243, 122
246, 125
47, 78
50, 77
53, 76
56, 76
59, 77
62, 79
65, 82
68, 85
71, 83
74, 80
77, 80
80, 80
83, 83
86, 85
89, 89
92, 89
95, 86
98, 83
101, 82
104, 83
107, 86
110, 89
113, 95
116, 94
119, 90
122, 86
125, 83
128, 82
131, 82
134, 82
137, 84
140, 86
143, 88
146, 89
149, 89
152, 90
155, 90
158, 89
161, 89
164, 90
167, 93
170, 95
173, 100
176, 106
179, 112
182, 110
185, 107
188, 105
191, 104
194, 106
197, 109
200, 113
203, 117
206, 117
209, 115
212, 114
215, 113
217, 115
220, 118
223, 122
226, 124
229, 122
232, 121
236, 121
239, 122
242, 124
245, 127
46, 81
49, 78
52, 77
55, 77
58, 78
61, 79
64, 83
67, 86
70, 84
73, 82
76, 81
79, 81
82, 83
85, 85
88, 89
91, 91
94, 88
97, 85
100, 84
103, 84
106, 86
109, 88
112, 93
115, 98
118, 94
121, 90
124, 87
127, 85
130, 84
133, 83
136, 84
139, 85
142, 87
145, 87
148, 88
151, 88
154, 89
157, 89
160, 90
163, 93
166, 96
169, 99
172, 104
175, 110
178, 113
181, 109
184, 106
187, 105
190, 106
193, 107
196, 111
199, 115
202, 119
205, 117
208, 115
211, 115
214, 114
216, 116
219, 120
222, 124
225, 124
228, 123
231, 122
235, 122
238, 124
241, 125
244, 128
45, 82
48, 80
51, 79
54, 78
57, 79
60, 80
63, 83
66, 87
69, 86
72, 83
75, 82
78, 82
81, 84
84, 85
87, 89
90, 93
93, 90
96, 87
99, 85
102, 85
105, 86
108, 88
111, 92
114, 97
117, 99
120, 94
123, 91
126, 89
129, 87
132, 85
135, 86
138, 86
141, 87
144, 87
147, 88
150, 89
153, 90
156, 91
159, 93
162, 96
165, 100
168, 103
171, 109
174, 114
177, 112
180, 108
183, 106
186, 106
189, 107
192, 109
195, 113
198, 118
201, 120
204, 117
207, 116
210, 115
213, 116
215, 118
218, 121
221, 125
224, 125
227, 123
230, 123
234, 123
237, 125
240, 126
243, 130
44, 83
47, 81
50, 80
53, 80
56, 80
59, 81
62, 83
65, 87
68, 88
71, 85
74, 84
77, 84
80, 84
83, 86
86, 89
89, 93
92, 93
95, 89
98, 87
101, 86
104, 87
107, 88
110, 91
113, 95
116, 100
119, 99
122, 96
125, 93
128, 91
131, 89
134, 88
137, 89
140, 89
143, 89
146, 90
149, 91
152, 93
155, 94
158, 97
161, 100
164, 104
167, 108
170, 113
173, 113
176, 110
179, 107
182, 106
185, 107
188, 109
191, 111
194, 115
197, 120
200, 120
203, 117
206, 116
209, 116
212, 118
214, 120
217, 123
220, 127
223, 126
226, 124
229, 123
233, 124
236, 126
239, 128
242, 131
43, 84
46, 83
49, 82
52, 81
55, 81
58, 81
61, 84
64, 87
67, 90
70, 87
73, 85
76, 85
79, 85
82, 86
85, 89
88, 93
91, 95
94, 92
97, 90
100, 88
103, 88
106, 88
109, 91
112, 94
115, 98
118, 102
121, 100
124, 98
127, 96
130, 93
133, 93
136, 92
139, 93
142, 92
145, 93
148, 95
151, 97
154, 98
157, 101
160, 105
163, 109
166, 113
169, 114
172, 111
175, 109
178, 107
181, 107
184, 108
187, 111
190, 114
193, 118
196, 122
199, 120
202, 117
205, 117
208, 117
211, 119
213, 121
216, 125
219, 128
222, 126
225, 124
228, 124
232, 125
235, 127
238, 129
241, 133
42, 84
45, 84
48, 83
51, 82
54, 82
57, 82
60, 84
63, 87
66, 91
69, 89
72, 87
75, 86
78, 86
81, 87
84, 89
87, 93
90, 97
93, 95
96, 92
99, 90
102, 90
105, 89
108, 90
111, 93
114, 97
117, 100
120, 104
123, 103
126, 101
129, 98
132, 97
135, 97
138, 97
141, 97
144, 98
147, 99
150, 101
153, 103
156, 106
159, 110
162, 114
165, 114
168, 112
171, 110
174, 108
177, 107
180, 108
183, 110
186, 113
189, 116
192, 121
195, 122
198, 120
201, 117
204, 117
207, 119
210, 121
212, 123
215, 127
218, 128
221, 127
224, 125
227, 125
231, 126
234, 129
237, 131
240, 134
41, 85
44, 86
47, 85
50, 84
53, 83
56, 83
59, 85
62, 88
65, 91
68, 91
71, 89
74, 88
77, 88
80, 87
83, 89
86, 92
89, 96
92, 97
95, 95
98, 93
101, 92
104, 90
107, 91
110, 93
113, 95
116, 98
119, 101
122, 105
125, 106
128, 104
131, 103
134, 102
137, 102
140, 102
143, 103
146, 105
149, 107
152, 108
155, 111
158, 115
161, 114
164, 111
167, 110
170, 109
173, 108
176, 108
179, 110
182, 112
185, 116
188, 119
191, 123
194, 121
197, 120
200, 118
203, 118
206, 120
209, 123
211, 125
214, 129
217, 128
220, 127
223, 126
226, 126
230, 128
233, 130
236, 132
239, 135
40, 85
43, 87
46, 86
49, 85
52, 85
55, 84
58, 86
61, 88
64, 91
67, 93
70, 91
73, 90
76, 89
79, 88
82, 90
85, 92
88, 96
91, 99
94, 98
97, 96
100, 94
103, 92
106, 92
109, 93
112, 95
115, 96
118, 99
121, 103
124, 106
127, 108
130, 108
133, 108
136, 108
139, 107
142, 108
145, 110
148, 112
151, 114
154, 114
157, 113
160, 112
163, 110
166, 109
169, 109
172, 109
175, 109
178, 112
181, 115
184, 119
187, 122
190, 123
193, 121
196, 120
199, 118
202, 119
205, 121
208, 124
210, 127
213, 130
216, 128
219, 127
222, 126
225, 127
229, 129
232, 132
235, 134
238, 136
39, 86
42, 88
45, 88
48, 87
51, 86
54, 85
57, 86
60, 88
63, 91
66, 94
69, 93
72, 92
75, 91
78, 89
81, 90
84, 92
87, 95
90, 98
93, 101
96, 99
99, 97
102, 94
105, 94
108, 94
111, 95
114, 96
117, 98
120, 101
123, 104
126, 105
129, 108
132, 110
135, 112
138, 112
141, 113
144, 114
147, 114
150, 112
153, 112
156, 111
159, 110
162, 109
165, 109
168, 109
171, 110
174, 111
177, 114
180, 118
183, 122
186, 124
189, 122
192, 121
195, 120
198, 119
201, 121
204, 123
207, 126
209, 129
212, 130
215, 129
218, 128
221, 127
224, 128
228, 131
231, 133
234, 136
237, 136
38, 86
41, 88
44, 90
47, 88
50, 88
53, 86
56, 87
59, 89
62, 92
65, 94
68, 95
71, 94
74, 92
77, 91
80, 91
83, 93
86, 95
89, 98
92, 101
95, 102
98, 100
101, 97
104, 96
107, 96
110, 96
113, 96
116, 98
119, 100
122, 102
125, 103
128, 105
131, 107
134, 109
137, 109
140, 110
143, 111
146, 111
149, 110
152, 110
155, 109
158, 109
161, 108
164, 109
167, 110
170, 112
173, 114
176, 117
179, 121
182, 125
185, 123
188, 122
191, 121
194, 120
197, 120
200, 122
203, 125
206, 128
208, 131
211, 130
214, 129
217, 129
220, 128
223, 130
227, 132
230, 135
233, 137
236, 136
37, 87
40, 88
43, 91
46, 90
49, 89
52, 88
55, 88
58, 90
61, 92
64, 94
67, 97
70, 96
73, 94
76, 92
79, 92
82, 93
85, 95
88, 97
91, 100
94, 104
97, 103
100, 100
103, 99
106, 98
109, 98
112, 97
115, 98
118, 99
121, 101
124, 102
127, 104
130, 105
133, 107
136, 107
139, 108
142, 109
145, 109
148, 108
151, 109
154, 109
157, 109
160, 109
163, 110
166, 112
169, 114
172, 116
175, 120
178, 124
181, 125
184, 123
187, 121
190, 121
193, 121
196, 122
199, 124
202, 127
205, 131
207, 132
210, 130
213, 129
216, 129
219, 129
222, 131
226, 134
229, 137
232, 138
235, 137
36, 87
39, 89
42, 92
45, 92
48, 91
51, 89
54, 89
57, 90
60, 92
63, 94
66, 97
69, 98
72, 96
75, 94
78, 94
81, 94
84, 96
87, 97
90, 100
93, 103
96, 106
99, 103
102, 102
105, 101
108, 100
111, 99
114, 99
117, 100
120, 101
123, 101
126, 103
129, 104
132, 105
135, 106
138, 107
141, 107
144, 108
147, 108
150, 108
153, 109
156, 110
159, 110
162, 112
165, 114
168, 117
171, 120
174, 123
177, 126
180, 124
183, 122
186, 121
189, 121
192, 122
195, 123
198, 126
201, 129
204, 133
206, 132
209, 130
212, 130
215, 130
218, 130
221, 133
225, 135
228, 139
231, 138
234, 137
35, 88
38, 89
41, 92
44, 94
47, 93
50, 91
53, 90
56, 91
59, 93
62, 94
65, 97
68, 100
71, 99
74, 96
77, 96
80, 96
83, 96
86, 97
89, 99
92, 102
95, 106
98, 107
101, 105
104, 104
107, 103
110, 101
113, 101
116, 101
119, 102
122, 102
125, 103
128, 104
131, 105
134, 105
137, 106
140, 107
143, 108
146, 108
149, 109
152, 110
155, 112
158, 112
161, 115
164, 117
167, 120
170, 123
173, 126
176, 125
179, 124
182, 122
185, 122
188, 122
191, 124
194, 125
197, 128
200, 132
203, 134
205, 131
208, 131
211, 130
214, 131
217, 132
220, 134
224, 137
227, 140
230, 138
233, 138
34, 89
37, 90
40, 92
43, 95
46, 94
49, 92
52, 92
55, 92
58, 93
61, 94
64, 97
67, 100
70, 101
73, 99
76, 98
79, 97
82, 97
85, 97
88, 99
91, 102
94, 105
97, 107
100, 108
103, 107
106, 106
109, 104
112, 104
115, 104
118, 104
121, 103
124, 104
127, 105
130, 106
133, 106
136, 107
139, 108
142, 109
145, 109
148, 111
151, 112
154, 114
157, 115
160, 118
163, 121
166, 124
169, 126
172, 125
175, 124
178, 123
181, 122
184, 122
187, 124
190, 125
193, 127
196, 130
199, 134
202, 134
204, 131
207, 131
210, 131
213, 132
216, 133
219, 136
223, 139
226, 141
229, 139
232, 138
33, 89
36, 90
39, 93
42, 96
45, 96
48, 94
51, 93
54, 93
57, 94
60, 95
63, 97
66, 100
69, 103
72, 101
75, 100
78, 99
81, 99
84, 98
87, 100
90, 102
93, 104
96, 106
99, 109
102, 111
105, 110
108, 108
111, 107
114, 107
117, 107
120, 106
123, 106
126, 107
129, 108
132, 108
135, 109
138, 110
141, 111
144, 112
147, 113
150, 115
153, 117
156, 119
159, 121
162, 124
165, 127
168, 125
171, 124
174, 123
177, 123
180, 122
183, 123
186, 125
189, 127
192, 129
195, 133
198, 135
201, 133
203, 132
206, 131
209, 132
212, 134
215, 135
218, 138
222, 141
225, 141
228, 139
231, 139
31, 90
35, 91
38, 93
41, 96
44, 98
47, 96
50, 95
53, 95
56, 95
59, 95
62, 97
65, 100
68, 103
71, 103
74, 102
77, 101
80, 100
83, 100
86, 100
89, 102
92, 104
95, 105
98, 108
101, 111
104, 113
107, 111
110, 111
113, 110
116, 110
119, 109
122, 109
125, 110
128, 110
131, 110
134, 111
137, 113
140, 114
143, 115
146, 116
149, 118
152, 121
155, 122
158, 125
161, 127
164, 126
167, 124
170, 124
173, 123
176, 123
179, 123
182, 125
185, 127
188, 130
191, 132
194, 135
197, 134
200, 133
202, 132
205, 132
208, 133
211, 135
214, 137
217, 140
221, 142
224, 141
227, 139
230, 140
30, 91
34, 91
37, 93
40, 96
43, 99
46, 98
49, 97
52, 96
55, 96
58, 96
61, 98
64, 100
67, 103
70, 105
73, 105
76, 103
79, 103
82, 101
85, 101
88, 102
91, 104
94, 105
97, 107
100, 110
103, 112
106, 114
109, 114
112, 114
115, 114
118, 113
121, 113
124, 113
127, 114
130, 114
133, 115
136, 116
139, 117
142, 118
145, 120
148, 122
151, 124
154, 126
157, 126
160, 126
163, 125
166, 124
169, 123
172, 124
175, 124
178, 125
181, 127
184, 129
187, 132
190, 134
193, 135
196, 134
199, 134
201, 132
204, 133
207, 135
210, 137
213, 139
216, 142
220, 142
223, 141
226, 140
229, 140
29, 92
33, 92
36, 94
39, 96
42, 99
45, 100
48, 99
51, 98
54, 98
57, 97
60, 98
63, 100
66, 103
69, 105
72, 107
75, 106
78, 105
81, 103
84, 103
87, 103
90, 104
93, 105
96, 107
99, 109
102, 111
105, 113
108, 115
111, 117
114, 117
117, 116
120, 117
123, 117
126, 118
129, 117
132, 118
135, 120
138, 121
141, 122
144, 124
147, 126
150, 127
153, 126
156, 125
159, 125
162, 124
165, 123
168, 124
171, 124
174, 126
177, 126
180, 129
183, 132
186, 135
189, 136
192, 135
195, 134
198, 134
200, 133
203, 134
206, 136
209, 139
212, 141
215, 143
219, 142
222, 142
225, 141
228, 141
28, 94
31, 93
35, 95
38, 97
41, 99
44, 101
47, 101
50, 100
53, 99
56, 98
59, 99
62, 101
65, 103
68, 104
71, 107
74, 109
77, 107
80, 106
83, 105
86, 105
89, 105
92, 105
95, 107
98, 108
101, 110
104, 111
107, 114
110, 116
113, 118
116, 119
119, 120
122, 121
125, 121
128, 121
131, 122
134, 124
137, 125
140, 125
143, 125
146, 125
149, 125
152, 124
155, 124
158, 124
161, 124
164, 123
167, 124
170, 126
173, 127
176, 128
179, 131
182, 134
185, 137
188, 136
191, 135
194, 134
197, 134
199, 134
202, 136
205, 138
208, 141
211, 143
214, 143
218, 143
221, 142
224, 141
227, 142
27, 95
30, 94
34, 95
37, 97
40, 99
43, 101
46, 103
49, 102
52, 101
55, 100
58, 100
61, 101
64, 103
67, 104
70, 107
73, 110
76, 110
79, 108
82, 107
85, 107
88, 107
91, 106
94, 107
97, 109
100, 110
103, 111
106, 113
109, 115
112, 116
115, 117
118, 119
121, 120
124, 122
127, 122
130, 123
133, 124
136, 124
139, 124
142, 124
145, 124
148, 124
151, 123
154, 124
157, 124
160, 124
163, 124
166, 126
169, 127
172, 129
175, 131
178, 134
181, 137
184, 137
187, 135
190, 135
193, 135
196, 135
198, 135
201, 137
204, 140
207, 143
210, 144
213, 143
217, 143
220, 143
223, 142
226, 144
26, 97
29, 96
33, 96
36, 98
39, 100
42, 101
45, 104
48, 104
51, 103
54, 102
57, 102
60, 102
63, 103
66, 104
69, 107
72, 109
75, 112
78, 111
81, 110
84, 109
87, 109
90, 108
93, 108
96, 109
99, 110
102, 111
105, 112
108, 114
111, 115
114, 116
117, 118
120, 119
123, 120
126, 120
129, 121
132, 122
135, 123
138, 122
141, 123
144, 123
147, 124
150, 123
153, 124
156, 124
159, 125
162, 126
165, 127
168, 129
171, 132
174, 134
177, 136
180, 138
183, 137
186, 135
189, 135
192, 135
195, 136
197, 137
200, 139
203, 142
206, 145
209, 144
212, 144
216, 143
219, 143
222, 143
225, 145
25, 98
28, 97
32, 97
35, 98
38, 100
41, 101
44, 104
47, 106
50, 105
53, 103
56, 103
59, 103
62, 104
65, 105
68, 107
71, 109
74, 112
77, 113
80, 113
83, 112
86, 111
89, 110
92, 110
95, 111
98, 111
101, 111
104, 112
107, 114
110, 115
113, 115
116, 117
119, 118
122, 119
125, 119
128, 120
131, 121
134, 122
137, 122
140, 122
143, 123
146, 124
149, 123
152, 124
155, 125
158, 127
161, 128
164, 130
167, 132
170, 134
173, 136
176, 138
179, 137
182, 136
185, 135
188, 135
191, 136
194, 138
196, 138
199, 141
202, 144
205, 146
208, 144
211, 144
215, 144
218, 144
221, 145
224, 146
24, 100
27, 99
31, 99
34, 99
37, 101
40, 102
43, 104
46, 107
49, 107
52, 105
55, 105
58, 105
61, 105
64, 105
67, 107
70, 109
73, 111
76, 113
79, 115
82, 115
85, 114
88, 113
91, 112
94, 113
97, 113
100, 113
103, 113
106, 114
109, 115
112, 115
115, 117
118, 118
121, 119
124, 119
127, 120
130, 121
133, 122
136, 122
139, 122
142, 123
145, 124
148, 124
151, 126
154, 127
157, 129
160, 130
163, 132
166, 135
169, 137
172, 138
175, 137
178, 137
181, 136
184, 135
187, 136
190, 137
193, 139
195, 140
198, 143
201, 146
204, 146
207, 144
210, 144
214, 144
217, 145
220, 146
223, 148
23, 102
26, 100
30, 100
33, 100
36, 101
39, 102
42, 104
45, 107
48, 109
51, 108
54, 107
57, 107
60, 107
63, 106
66, 107
69, 109
72, 111
75, 112
78, 115
81, 117
84, 117
87, 115
90, 115
93, 115
96, 115
99, 114
102, 115
105, 116
108, 116
111, 116
114, 117
117, 118
120, 119
123, 119
126, 120
129, 121
132, 122
135, 122
138, 123
141, 124
144, 126
147, 126
150, 128
153, 129
156, 131
159, 133
162, 135
165, 138
168, 139
171, 137
174, 137
177, 136
180, 137
183, 136
186, 137
189, 139
192, 141
194, 142
197, 145
200, 147
203, 146
206, 145
209, 145
213, 145
216, 147
219, 147
222, 150
22, 104
25, 102
29, 102
32, 102
35, 102
38, 103
41, 104
44, 107
47, 109
50, 110
53, 109
56, 108
59, 108
62, 107
65, 108
68, 109
71, 111
74, 112
77, 114
80, 117
83, 119
86, 118
89, 118
91, 118
94, 118
97, 117
100, 117
103, 117
106, 118
109, 118
112, 119
115, 120
118, 120
121, 120
124, 121
127, 122
131, 124
134, 124
137, 125
140, 126
143, 128
146, 128
149, 130
152, 132
155, 134
158, 135
161, 138
164, 139
167, 138
170, 137
173, 137
176, 137
179, 137
182, 137
185, 139
188, 141
191, 143
193, 145
196, 147
199, 147
202, 146
205, 145
208, 145
212, 146
215, 148
218, 149
221, 151
21, 105
24, 104
28, 103
31, 103
34, 103
37, 103
40, 105
43, 107
46, 109
49, 111
52, 111
55, 111
58, 110
61, 109
64, 109
67, 110
70, 111
73, 112
76, 114
79, 116
82, 118
85, 120
88, 121
90, 121
93, 120
96, 119
99, 120
102, 120
105, 120
108, 120
111, 121
114, 121
117, 122
120, 122
123, 123
126, 124
130, 125
133, 126
136, 127
139, 129
142, 130
145, 131
148, 133
151, 135
154, 137
157, 138
160, 138
163, 138
166, 138
169, 137
172, 137
175, 137
178, 138
181, 139
184, 140
187, 143
190, 145
192, 147
195, 147
198, 147
201, 146
204, 146
207, 146
211, 148
214, 149
217, 151
220, 153
20, 106
23, 106
27, 105
30, 105
33, 105
36, 104
39, 105
42, 107
45, 109
48, 111
51, 113
54, 113
57, 112
60, 111
63, 111
66, 111
69, 112
72, 112
75, 114
78, 116
81, 118
84, 119
87, 121
89, 123
92, 124
95, 122
98, 123
101, 123
104, 123
107, 123
110, 123
113, 124
116, 125
119, 125
122, 126
125, 127
129, 128
132, 128
135, 130
138, 131
141, 133
144, 134
147, 136
150, 138
153, 139
156, 138
159, 138
162, 137
165, 137
168, 137
171, 137
174, 138
177, 139
180, 140
183, 142
186, 145
189, 147
191, 148
194, 147
197, 147
200, 147
203, 146
206, 147
210, 149
213, 151
216, 153
219, 155
19, 106
22, 107
26, 107
29, 106
32, 106
35, 105
38, 106
41, 108
44, 109
47, 111
50, 113
53, 115
56, 115
59, 113
62, 113
65, 113
68, 113
71, 113
74, 114
77, 116
80, 117
83, 118
86, 120
89, 122
92, 124
95, 125
98, 126
101, 126
104, 126
107, 126
110, 126
113, 127
116, 128
119, 127
122, 129
125, 130
128, 131
131, 131
134, 133
137, 134
140, 136
143, 137
146, 138
149, 138
152, 138
155, 137
158, 137
161, 137
164, 138
167, 137
170, 138
173, 139
176, 141
179, 142
182, 145
185, 147
188, 149
190, 148
193, 147
196, 147
199, 147
202, 147
205, 149
209, 151
212, 153
215, 154
218, 156
18, 106
21, 108
25, 109
28, 108
31, 108
34, 107
37, 107
40, 108
43, 110
46, 111
49, 113
52, 116
55, 117
58, 115
61, 115
64, 115
67, 115
70, 114
73, 115
76, 116
79, 118
82, 118
85, 120
88, 122
91, 124
94, 124
97, 126
100, 128
103, 129
106, 129
109, 129
112, 130
115, 131
118, 131
121, 132
124, 133
127, 134
130, 134
133, 136
136, 137
139, 138
142, 137
145, 137
148, 137
151, 137
154, 137
157, 137
160, 137
163, 138
166, 138
169, 139
172, 141
175, 143
178, 144
181, 147
184, 149
187, 149
189, 148
192, 147
195, 148
198, 148
201, 148
204, 150
208, 152
211, 155
214, 156
217, 156
18, 106
21, 108
24, 110
27, 110
30, 110
33, 108
36, 109
39, 109
42, 110
45, 111
48, 113
51, 115
54, 118
57, 118
60, 117
63, 117
66, 117
69, 116
72, 116
75, 117
78, 118
81, 118
84, 120
87, 121
90, 123
93, 124
96, 125
99, 127
102, 129
105, 129
108, 131
111, 132
114, 133
117, 133
120, 134
123, 135
126, 136
129, 136
132, 136
135, 137
138, 137
141, 136
144, 137
147, 137
150, 137
153, 137
156, 137
159, 138
162, 139
165, 140
168, 141
171, 143
174, 145
177, 147
180, 149
183, 149
186, 149
188, 148
191, 148
194, 148
197, 149
200, 150
203, 152
207, 154
210, 157
213, 157
216, 156
17, 107
20, 108
23, 110
26, 112
29, 112
32, 110
35, 110
38, 111
41, 111
44, 112
47, 113
50, 115
53, 117
56, 119
59, 120
62, 119
65, 119
68, 118
71, 118
74, 119
77, 119
80, 119
83, 120
86, 122
89, 123
92, 123
95, 125
98, 126
101, 128
104, 128
107, 130
110, 131
113, 132
116, 132
119, 133
122, 134
125, 135
128, 135
131, 135
134, 136
137, 136
140, 136
143, 136
146, 137
149, 137
152, 137
155, 138
158, 139
161, 141
164, 141
167, 143
170, 145
173, 148
176, 149
179, 149
182, 149
185, 149
187, 148
190, 148
193, 149
196, 151
199, 152
202, 154
206, 156
209, 158
212, 157
215, 157
16, 107
19, 108
22, 110
25, 113
28, 114
31, 112
34, 112
37, 112
40, 112
43, 112
46, 114
49, 115
52, 117
55, 119
58, 121
61, 122
64, 121
67, 120
70, 120
73, 120
76, 121
79, 120
82, 121
85, 122
88, 123
91, 123
94, 125
97, 126
100, 127
103, 128
106, 129
109, 130
112, 131
115, 131
118, 132
121, 133
124, 134
127, 134
130, 135
133, 135
136, 136
139, 136
142, 136
145, 137
148, 138
151, 138
154, 139
157, 141
160, 143
163, 143
166, 146
169, 148
172, 150
175, 149
178, 149
181, 149
184, 149
186, 148
189, 149
192, 151
195, 152
198, 153
201, 156
205, 158
208, 158
211, 157
214, 157
15, 108
18, 109
21, 111
24, 113
27, 115
30, 114
33, 114
36, 114
39, 114
42, 113
45, 114
48, 116
51, 117
54, 118
57, 121
60, 123
63, 124
66, 123
69, 122
72, 122
75, 123
78, 122
81, 123
84, 123
87, 124
90, 124
93, 125
96, 126
99, 128
102, 128
105, 129
108, 130
111, 131
114, 131
117, 132
120, 133
123, 134
126, 134
129, 135
132, 135
135, 136
138, 136
141, 137
144, 138
147, 139
150, 140
153, 141
156, 143
159, 145
162, 146
165, 148
168, 150
171, 150
174, 149
177, 149
180, 149
183, 150
185, 149
188, 150
191, 152
194, 154
197, 155
200, 158
204, 159
207, 158
210, 157
213, 157
14, 108
17, 109
20, 111
23, 113
26, 115
29, 116
32, 116
35, 115
38, 115
41, 115
44, 115
47, 116
50, 118
53, 118
56, 120
59, 122
62, 125
65, 125
68, 125
71, 125
74, 125
77, 124
80, 124
83, 125
86, 126
89, 125
92, 126
95, 127
98, 128
101, 128
104, 129
107, 130
110, 131
113, 131
116, 132
119, 133
122, 134
125, 134
128, 135
131, 136
134, 137
137, 137
140, 138
143, 140
146, 141
149, 142
152, 143
155, 145
158, 147
161, 148
164, 150
167, 150
170, 150
173, 149
176, 149
179, 150
182, 150
185, 150
188, 152
191, 154
194, 155
197, 157
200, 159
203, 159
206, 159
209, 158
212, 158
13, 109
16, 110
19, 111
22, 113
25, 115
28, 117
31, 118
34, 117
37, 117
40, 116
43, 117
46, 117
49, 118
52, 119
55, 120
58, 122
61, 124
64, 125
67, 127
70, 127
73, 127
76, 126
79, 127
82, 127
85, 127
88, 127
91, 128
94, 128
97, 129
100, 129
103, 130
106, 131
109, 132
112, 132
115, 133
118, 134
121, 135
124, 135
127, 136
130, 137
133, 138
136, 139
139, 140
142, 142
145, 143
148, 144
151, 146
154, 148
157, 150
160, 150
163, 150
166, 150
169, 150
172, 149
175, 150
178, 150
181, 151
184, 152
187, 154
190, 156
193, 157
196, 159
199, 159
202, 159
205, 159
208, 158
211, 159
12, 110
15, 111
18, 112
21, 114
24, 115
27, 117
30, 119
33, 120
36, 118
39, 118
42, 118
45, 119
48, 118
51, 119
54, 121
57, 122
60, 123
63, 125
66, 127
69, 129
72, 130
75, 129
78, 129
81, 129
84, 129
87, 129
90, 130
93, 130
96, 130
99, 131
102, 132
105, 133
108, 132
111, 133
114, 134
117, 136
120, 136
123, 137
126, 138
129, 139
132, 139
135, 141
138, 142
141, 144
144, 145
147, 146
150, 148
153, 150
156, 150
159, 150
162, 150
165, 150
168, 149
171, 150
174, 150
177, 151
180, 152
183, 153
186, 155
189, 158
192, 159
195, 160
198, 159
201, 159
204, 158
207, 159
210, 160
11, 112
14, 112
17, 113
20, 114
23, 115
26, 117
29, 119
32, 121
35, 120
38, 120
41, 120
44, 120
47, 120
50, 120
53, 121
56, 123
59, 124
62, 125
65, 127
68, 129
71, 131
74, 131
77, 132
80, 132
83, 131
86, 131
89, 132
92, 132
95, 132
98, 133
101, 134
104, 134
107, 134
110, 135
113, 136
116, 137
119, 138
122, 139
125, 140
128, 141
131, 142
134, 143
137, 145
140, 146
143, 147
146, 149
149, 150
152, 150
155, 149
158, 149
161, 150
164, 150
167, 150
170, 150
173, 151
176, 153
179, 153
182, 155
185, 157
188, 160
191, 160
194, 160
197, 160
200, 160
203, 159
206, 160
209, 161
10, 114
13, 114
16, 114
19, 115
22, 115
25, 117
28, 119
31, 121
34, 122
37, 122
40, 122
43, 122
46, 121
49, 122
52, 122
55, 123
58, 124
61, 125
64, 127
67, 128
70, 129
73, 131
76, 133
79, 134
82, 134
85, 134
88, 134
91, 135
94, 135
97, 135
100, 136
103, 137
106, 137
109, 138
112, 139
115, 140
118, 140
121, 141
124, 142
127, 144
130, 144
133, 146
136, 147
139, 149
142, 149
145, 149
148, 150
151, 150
154, 149
157, 149
160, 150
163, 150
166, 150
169, 151
172, 153
175, 154
178, 155
181, 157
184, 160
187, 161
190, 160
193, 160
196, 160
199, 160
202, 160
205, 161
208, 163
